10 0.767969 0.480556 0.021354 0.029630
0 0.828385 0.539815 0.020313 0.075926
0 0.898177 0.626852 0.031771 0.146296
0 0.953125 0.626389 0.038542 0.145370
0 0.802865 0.523148 0.016146 0.075926
9 0.020052 0.691667 0.010937 0.274074
0 0.248177 0.560185 0.018229 0.092593
0 0.272396 0.566667 0.019792 0.090741
0 0.322656 0.538426 0.011979 0.067593
2 0.525521 0.558796 0.048958 0.069444
2 0.611458 0.582870 0.067708 0.128704
0 0.559635 0.475000 0.008854 0.027778
0 0.632552 0.478241 0.007812 0.034259
2 0.527604 0.478241 0.015625 0.021296
0 0.682813 0.487500 0.007292 0.041667
2 0.443750 0.520370 0.082292 0.051852
2 0.490885 0.470370 0.021354 0.038889
9 0.708073 0.456481 0.006771 0.174074
9 0.357292 0.525926 0.005208 0.085185
