10 0.858333 0.524074 0.040625 0.055556
0 0.940625 0.709259 0.053125 0.233333
0 0.019792 0.622685 0.031250 0.143519
0 0.097135 0.612963 0.025521 0.124074
0 0.069010 0.614352 0.025521 0.115741
0 0.131510 0.606481 0.024479 0.135185
2 0.421875 0.610648 0.073958 0.100926
2 0.570052 0.743056 0.135937 0.275000
0 0.287240 0.510648 0.008854 0.043519
0 0.566406 0.489352 0.009896 0.039815
0 0.776302 0.512963 0.013021 0.059259
2 0.441406 0.472685 0.016146 0.021296
0 0.318490 0.520370 0.010937 0.059259
0 0.274219 0.513889 0.009896 0.057407
0 0.602344 0.505556 0.010937 0.048148
0 0.666667 0.510648 0.010417 0.050926
2 0.446615 0.512963 0.033854 0.048148
2 0.497135 0.473148 0.015104 0.020370
2 0.402083 0.472685 0.026042 0.047222
2 0.515104 0.482870 0.018750 0.023148
10 0.634115 0.448611 0.020313 0.076852
9 0.699219 0.531481 0.006771 0.174074
9 0.157031 0.574074 0.004687 0.118519
9 0.683333 0.539352 0.008333 0.043519
9 0.730469 0.510648 0.006771 0.076852
9 0.300521 0.508796 0.005208 0.073148
