10 0.777083 0.489815 0.022917 0.029630
0 0.839063 0.548148 0.018750 0.077778
0 0.920312 0.648611 0.033333 0.150926
0 0.977865 0.651852 0.040104 0.155556
0 0.810937 0.536574 0.016667 0.075000
0 0.243750 0.575926 0.018750 0.096296
0 0.267708 0.576852 0.019792 0.090741
2 0.527083 0.574537 0.051042 0.073148
2 0.615365 0.597685 0.071354 0.132407
0 0.558333 0.485648 0.007292 0.026852
0 0.634115 0.488426 0.007812 0.034259
2 0.528385 0.485648 0.015104 0.021296
2 0.491406 0.480093 0.021354 0.039815
9 0.354167 0.540741 0.005208 0.085185
