10 0.759115 0.473611 0.020313 0.028704
0 0.817187 0.536111 0.019792 0.075926
0 0.878646 0.613426 0.029167 0.134259
0 0.928385 0.614815 0.031771 0.131481
0 0.792969 0.518519 0.016146 0.075926
9 0.051302 0.660648 0.009896 0.275000
0 0.254427 0.551852 0.018229 0.088889
0 0.277083 0.557407 0.019792 0.090741
0 0.337760 0.526852 0.014063 0.068519
2 0.524219 0.551852 0.047396 0.066667
2 0.606771 0.571296 0.065625 0.114815
0 0.561979 0.470833 0.008333 0.028704
0 0.630990 0.473611 0.007812 0.034259
0 0.679688 0.481019 0.007292 0.041667
0 0.416927 0.490278 0.008854 0.041667
0 0.435937 0.496759 0.008333 0.041667
9 0.702865 0.455556 0.006771 0.174074
9 0.406510 0.507407 0.008854 0.029630
9 0.359635 0.518056 0.005729 0.080556
