10 0.847917 0.495833 0.030208 0.043519
0 0.923438 0.550000 0.018750 0.090741
0 0.890885 0.535648 0.020313 0.089815
0 0.194792 0.577778 0.021875 0.112963
0 0.222917 0.576852 0.023958 0.109259
0 0.284375 0.554630 0.016667 0.081481
0 0.315365 0.547685 0.016146 0.091667
2 0.530729 0.581481 0.064583 0.087037
2 0.645052 0.631944 0.094271 0.178704
0 0.731771 0.496759 0.011458 0.054630
0 0.543750 0.472685 0.008333 0.026852
0 0.644792 0.474537 0.008333 0.037963
0 0.428646 0.500463 0.009375 0.049074
2 0.570312 0.460648 0.014583 0.017593
2 0.492448 0.464815 0.022396 0.046296
9 0.749740 0.499074 0.006771 0.174074
9 0.391667 0.518519 0.008333 0.035185
0 0.779427 0.487037 0.009896 0.048148
9 0.414583 0.494907 0.005208 0.062037
