10 0.742708 0.473611 0.020833 0.028704
0 0.797396 0.543981 0.019792 0.073148
0 0.836979 0.616204 0.027083 0.117593
0 0.887240 0.616667 0.035937 0.122222
0 0.777344 0.531481 0.016146 0.077778
0 0.068490 0.609259 0.024479 0.146296
9 0.104948 0.617130 0.009896 0.275000
0 0.263542 0.548611 0.017708 0.086111
0 0.285677 0.553241 0.016146 0.087963
0 0.334375 0.528704 0.011458 0.061111
2 0.522656 0.553704 0.045312 0.062963
2 0.600781 0.570833 0.061979 0.100926
0 0.565365 0.481944 0.006771 0.025000
0 0.627083 0.484722 0.007292 0.032407
2 0.524219 0.482870 0.015104 0.023148
0 0.672917 0.494907 0.007292 0.041667
0 0.436458 0.500463 0.008333 0.039815
2 0.546875 0.470370 0.013542 0.012963
2 0.489583 0.471759 0.020833 0.041667
9 0.408594 0.512963 0.008854 0.029630
9 0.365625 0.519444 0.006250 0.077778
9 0.424479 0.495833 0.005208 0.052778
