0 0.604688 0.332870 0.030208 0.130556
0 0.410417 0.339815 0.032292 0.161111
0 0.458333 0.338889 0.027083 0.148148
0 0.647917 0.319907 0.029167 0.117593
0 0.824219 0.407407 0.070312 0.485185
0 0.541927 0.311111 0.017188 0.064815
9 0.114583 0.560648 0.223958 0.265741
0 0.099740 0.325463 0.020313 0.091667
0 0.571875 0.302315 0.012500 0.052778
0 0.557552 0.301852 0.011979 0.055556
6 0.509115 0.350463 0.026562 0.089815
7 0.880469 0.298611 0.030729 0.160185
0 0.333594 0.309722 0.010937 0.045370
0 0.348438 0.303241 0.011458 0.043519
