10 0.853125 0.539815 0.051042 0.077778
0 0.775781 0.562963 0.023438 0.112963
2 0.321354 0.596296 0.070833 0.094444
2 0.439063 0.760185 0.146875 0.287037
0 0.489063 0.490741 0.010417 0.044444
2 0.338802 0.477315 0.015104 0.021296
0 0.206771 0.541204 0.011458 0.060185
0 0.156771 0.535185 0.012500 0.066667
0 0.577604 0.509259 0.011458 0.057407
2 0.363802 0.505556 0.027604 0.040741
2 0.315104 0.481019 0.027083 0.054630
2 0.439844 0.491667 0.020313 0.029630
9 0.552083 0.581481 0.007292 0.181481
10 0.553646 0.444907 0.023958 0.087963
10 0.649740 0.452778 0.031771 0.057407
0 0.682813 0.515278 0.015625 0.065741
9 0.646354 0.541204 0.004167 0.076852
9 0.185677 0.528704 0.006771 0.083333
