10 0.852083 0.536574 0.044792 0.073148
0 0.892969 0.575463 0.027604 0.112037
0 0.815885 0.562500 0.022396 0.110185
0 0.052604 0.601389 0.023958 0.126852
2 0.359375 0.599537 0.073958 0.099074
2 0.494792 0.755556 0.150000 0.274074
0 0.519271 0.487963 0.009375 0.042593
2 0.379688 0.471296 0.015625 0.022222
0 0.251563 0.530556 0.011458 0.062963
0 0.204948 0.521296 0.011979 0.062963
0 0.559115 0.507407 0.011979 0.048148
0 0.611979 0.510185 0.011458 0.055556
2 0.395833 0.505093 0.030208 0.041667
2 0.349479 0.477315 0.026042 0.054630
2 0.469010 0.487037 0.020313 0.025926
10 0.583594 0.445833 0.021354 0.080556
10 0.676042 0.455556 0.030208 0.057407
0 0.722917 0.516204 0.011458 0.065741
9 0.231771 0.518056 0.005208 0.076852
