10 0.865885 0.545833 0.058854 0.086111
0 0.751563 0.558796 0.020833 0.112037
2 0.403906 0.754167 0.142187 0.275000
0 0.291146 0.493981 0.006250 0.032407
0 0.472656 0.489352 0.009896 0.043519
0 0.179948 0.546296 0.011979 0.061111
0 0.128125 0.538426 0.012500 0.067593
0 0.557292 0.510185 0.011458 0.057407
2 0.347135 0.503241 0.027604 0.039815
2 0.424219 0.491204 0.020313 0.032407
9 0.536198 0.589352 0.007812 0.193519
10 0.533594 0.443981 0.025521 0.093519
9 0.617188 0.557870 0.010417 0.221296
9 0.639323 0.526852 0.006771 0.229630
0 0.602083 0.504167 0.009375 0.062037
0 0.512760 0.508796 0.008854 0.056481
9 0.647656 0.512037 0.005729 0.077778
9 0.632292 0.541204 0.005208 0.076852
9 0.157552 0.534259 0.006771 0.083333
