0 0.868490 0.575463 0.035937 0.123148
0 0.706771 0.569907 0.026042 0.119444
2 0.291927 0.732870 0.130729 0.252778
0 0.434115 0.502315 0.007812 0.043519
0 0.091927 0.577315 0.013021 0.069444
0 0.031771 0.573148 0.013542 0.077778
0 0.509896 0.520833 0.011458 0.060185
2 0.307552 0.505556 0.023438 0.033333
2 0.369271 0.492130 0.017708 0.023148
2 0.247135 0.501389 0.030729 0.056481
2 0.392969 0.516204 0.027604 0.039815
10 0.485156 0.457870 0.036979 0.126852
9 0.596354 0.581944 0.017708 0.334259
9 0.620833 0.548148 0.009375 0.298148
0 0.543229 0.518519 0.015625 0.064815
9 0.566406 0.576852 0.010937 0.066667
