0 0.608854 0.345370 0.027083 0.129630
0 0.411458 0.344444 0.032292 0.161111
0 0.455208 0.351852 0.026042 0.148148
0 0.659635 0.333333 0.033854 0.127778
0 0.870833 0.447685 0.095833 0.560185
0 0.545573 0.319907 0.017188 0.063889
0 0.033333 0.329630 0.035417 0.125926
0 0.061719 0.326389 0.020313 0.095370
0 0.083594 0.323148 0.022396 0.096296
0 0.579688 0.321759 0.012500 0.052778
0 0.561979 0.312037 0.012500 0.057407
6 0.515365 0.358796 0.026562 0.089815
0 0.336198 0.318056 0.011979 0.047222
0 0.349479 0.312963 0.011458 0.042593
