10 0.733333 0.467130 0.019792 0.026852
0 0.788281 0.512963 0.018229 0.064815
0 0.820052 0.580556 0.028646 0.111111
0 0.870052 0.581481 0.031771 0.120370
0 0.768750 0.508333 0.015625 0.074074
0 0.052604 0.712037 0.019792 0.096296
0 0.097917 0.609259 0.023958 0.142593
9 0.128906 0.598611 0.009896 0.275000
0 0.268229 0.545833 0.017708 0.086111
0 0.289323 0.545833 0.016146 0.087963
0 0.345573 0.517593 0.013021 0.066667
2 0.520833 0.540278 0.043750 0.060185
2 0.594271 0.554167 0.059375 0.113889
0 0.563542 0.468519 0.005208 0.022222
2 0.521094 0.469444 0.015104 0.022222
0 0.436458 0.490741 0.008333 0.038889
2 0.542188 0.455556 0.013542 0.014815
2 0.487500 0.460648 0.020833 0.039815
9 0.408854 0.502778 0.009375 0.027778
9 0.423958 0.490741 0.005208 0.051852
