10 0.875521 0.554167 0.063542 0.093519
0 0.737760 0.558333 0.026562 0.109259
2 0.388542 0.750000 0.139583 0.266667
0 0.465885 0.488426 0.009896 0.043519
0 0.168490 0.547685 0.011979 0.062037
0 0.115104 0.541204 0.012500 0.067593
0 0.498698 0.508333 0.010937 0.053704
0 0.549479 0.510648 0.011458 0.058333
2 0.339844 0.502315 0.027604 0.037963
2 0.288281 0.482407 0.028646 0.053704
2 0.418229 0.492130 0.021875 0.034259
10 0.527344 0.445370 0.026562 0.096296
9 0.612240 0.560185 0.010937 0.227778
9 0.634115 0.528704 0.006771 0.233333
9 0.642448 0.515741 0.005729 0.077778
9 0.590625 0.549537 0.009375 0.063889
9 0.627604 0.545833 0.005208 0.073148
9 0.145573 0.536111 0.006771 0.083333
