10 0.853385 0.541667 0.049479 0.075926
0 0.789583 0.562037 0.023958 0.111111
2 0.332292 0.598148 0.070833 0.094444
2 0.459635 0.756481 0.143229 0.272222
0 0.499219 0.488426 0.009896 0.043519
2 0.352344 0.473148 0.015104 0.022222
0 0.222917 0.536574 0.011458 0.062037
0 0.173177 0.529630 0.013021 0.064815
0 0.539062 0.509259 0.011458 0.053704
0 0.590104 0.508796 0.011458 0.056481
2 0.374740 0.504630 0.028646 0.040741
2 0.327344 0.480093 0.026562 0.054630
2 0.449219 0.489352 0.021354 0.028704
9 0.562760 0.576852 0.006771 0.175926
10 0.563542 0.444907 0.022917 0.086111
10 0.659375 0.454167 0.032292 0.056481
0 0.696615 0.516204 0.015104 0.065741
0 0.603906 0.507870 0.011979 0.049074
9 0.201563 0.524074 0.006250 0.081481
