10 0.864323 0.503704 0.034896 0.050000
0 0.886979 0.622685 0.036458 0.167593
0 0.936719 0.561574 0.024479 0.093519
0 0.138281 0.578704 0.024479 0.120370
0 0.166667 0.582870 0.025000 0.119444
0 0.274479 0.554167 0.019792 0.104630
2 0.505208 0.595833 0.068750 0.100926
2 0.636458 0.668056 0.110417 0.213889
0 0.818750 0.501852 0.012500 0.048148
0 0.805990 0.502315 0.010937 0.049074
0 0.373177 0.490278 0.008854 0.037963
0 0.627344 0.476852 0.008854 0.037037
0 0.401042 0.502315 0.010417 0.052778
0 0.660677 0.490741 0.009896 0.044444
0 0.703385 0.495370 0.011979 0.046296
2 0.524479 0.508333 0.047917 0.055556
2 0.553906 0.461111 0.015104 0.016667
2 0.470573 0.463426 0.022396 0.047222
2 0.574479 0.469907 0.018750 0.023148
9 0.745052 0.506481 0.006771 0.174074
9 0.359375 0.520370 0.008333 0.038889
0 0.215104 0.560185 0.015625 0.079630
