10 0.860417 0.499537 0.033333 0.047222
0 0.872135 0.608796 0.029687 0.154630
0 0.938281 0.558333 0.020313 0.092593
0 0.899740 0.537037 0.019271 0.092593
0 0.172656 0.572685 0.025521 0.121296
0 0.198698 0.575463 0.025521 0.117593
0 0.300781 0.548611 0.018229 0.099074
2 0.521615 0.589815 0.068229 0.094444
2 0.644271 0.647222 0.104167 0.196296
0 0.831250 0.506019 0.010417 0.045370
0 0.730469 0.505556 0.011979 0.055556
0 0.820052 0.506019 0.010937 0.049074
0 0.390885 0.488889 0.007812 0.038889
0 0.639583 0.477778 0.007292 0.038889
0 0.417708 0.500463 0.009375 0.050926
0 0.661979 0.488426 0.011458 0.043519
0 0.673698 0.490741 0.008854 0.046296
2 0.556510 0.513426 0.064062 0.054630
2 0.565625 0.463889 0.015625 0.016667
2 0.483854 0.463889 0.022917 0.046296
9 0.751823 0.501852 0.006771 0.174074
9 0.379167 0.516204 0.008333 0.036111
0 0.248177 0.553241 0.015104 0.069444
9 0.839583 0.520833 0.005208 0.047222
9 0.402865 0.490278 0.005729 0.060185
