0 0.896354 0.578241 0.037500 0.128704
0 0.711198 0.573611 0.025521 0.125000
2 0.281250 0.726389 0.134375 0.245370
0 0.433073 0.504630 0.006771 0.048148
0 0.077604 0.585185 0.013542 0.074074
0 0.014063 0.581481 0.015625 0.083333
2 0.414844 0.602315 0.114062 0.121296
2 0.308854 0.506944 0.022917 0.032407
2 0.368750 0.495833 0.018750 0.023148
2 0.244010 0.503241 0.030729 0.056481
10 0.483854 0.461111 0.039583 0.137037
9 0.599219 0.590278 0.020313 0.373148
9 0.629687 0.553241 0.010417 0.319444
0 0.535417 0.523611 0.016667 0.063889
9 0.568229 0.584259 0.012500 0.072222
