10 0.859635 0.524074 0.039062 0.055556
0 0.931771 0.697685 0.050000 0.219444
0 0.045052 0.616204 0.031771 0.137963
0 0.123698 0.604630 0.024479 0.120370
0 0.097917 0.606944 0.022917 0.112037
0 0.156510 0.599074 0.023438 0.129630
2 0.435677 0.611111 0.073438 0.101852
2 0.582812 0.741204 0.132292 0.265741
0 0.763802 0.520833 0.011979 0.050926
0 0.690104 0.529167 0.014583 0.065741
0 0.751302 0.519907 0.009896 0.052778
0 0.301823 0.504167 0.008854 0.043519
0 0.576823 0.487500 0.009896 0.039815
0 0.786979 0.514815 0.016667 0.062963
2 0.452865 0.472685 0.015104 0.021296
0 0.331771 0.518056 0.010417 0.058333
0 0.289323 0.511111 0.009896 0.057407
0 0.610938 0.505556 0.009375 0.046296
2 0.457552 0.514815 0.033854 0.048148
2 0.507031 0.473148 0.014063 0.018519
2 0.413802 0.472685 0.024479 0.047222
2 0.525000 0.481944 0.018750 0.023148
10 0.643490 0.449537 0.020313 0.076852
9 0.707031 0.527778 0.006771 0.174074
9 0.179167 0.570370 0.006250 0.112963
9 0.738542 0.514815 0.007292 0.072222
9 0.314063 0.507870 0.005208 0.071296
