10 0.854688 0.499537 0.033333 0.045370
0 0.929948 0.554630 0.024479 0.090741
0 0.896875 0.536111 0.019792 0.092593
0 0.186979 0.572222 0.023958 0.116667
0 0.211719 0.576852 0.024479 0.114815
0 0.275781 0.556019 0.016146 0.084259
0 0.311458 0.548611 0.018750 0.097222
2 0.527865 0.588889 0.065104 0.092593
2 0.645312 0.639815 0.098958 0.188889
0 0.731250 0.502315 0.012500 0.058333
0 0.824219 0.500926 0.010937 0.050000
0 0.643229 0.478241 0.008333 0.037963
0 0.425000 0.500463 0.009375 0.050926
0 0.665104 0.486111 0.011458 0.042593
0 0.676562 0.488426 0.008333 0.047222
2 0.567187 0.462500 0.014583 0.017593
2 0.489063 0.465741 0.022917 0.046296
9 0.751823 0.499074 0.006771 0.174074
9 0.386458 0.517593 0.008333 0.035185
9 0.771875 0.505093 0.006250 0.082407
9 0.408854 0.493519 0.005208 0.061111
