10 0.921875 0.576389 0.079167 0.113889
0 0.851302 0.571759 0.028646 0.119444
0 0.719271 0.562037 0.026042 0.112963
2 0.342708 0.740278 0.132292 0.260185
0 0.249479 0.500463 0.008333 0.034259
0 0.449479 0.493056 0.009375 0.041667
0 0.134375 0.557407 0.012500 0.064815
0 0.077604 0.555093 0.012500 0.067593
0 0.096354 0.544444 0.014583 0.072222
0 0.528385 0.512963 0.010937 0.059259
2 0.322396 0.501852 0.026042 0.035185
2 0.401042 0.502778 0.025000 0.037037
10 0.506250 0.450926 0.030208 0.109259
10 0.620833 0.453704 0.035417 0.066667
9 0.576042 0.559722 0.009375 0.063889
