10 0.903125 0.569907 0.073958 0.108333
0 0.852604 0.571759 0.026042 0.117593
0 0.725000 0.563889 0.025000 0.112963
2 0.357552 0.743981 0.133854 0.262037
0 0.260677 0.496759 0.006771 0.034259
0 0.454167 0.492593 0.009375 0.044444
0 0.146354 0.552315 0.012500 0.063889
0 0.089583 0.549537 0.012500 0.067593
0 0.109375 0.537963 0.014583 0.070370
0 0.488542 0.510648 0.011458 0.054630
0 0.536198 0.512500 0.010937 0.058333
2 0.327604 0.501389 0.026042 0.036111
2 0.406771 0.497685 0.025000 0.036111
10 0.513542 0.448611 0.029167 0.104630
10 0.624219 0.453241 0.035937 0.063889
9 0.580208 0.556944 0.009375 0.063889
