10 0.855208 0.527778 0.041667 0.062963
0 0.961719 0.735185 0.060937 0.257407
0 0.910937 0.570833 0.030208 0.102778
0 0.040885 0.633333 0.027604 0.133333
0 0.075000 0.627778 0.027083 0.148148
2 0.394792 0.611574 0.076042 0.100926
2 0.539844 0.754167 0.141146 0.280556
0 0.725000 0.520833 0.013542 0.049074
0 0.669531 0.529167 0.015104 0.073148
0 0.399219 0.488889 0.007812 0.029630
0 0.257031 0.516204 0.007812 0.052778
0 0.547656 0.488889 0.008854 0.040741
2 0.415625 0.471759 0.015625 0.021296
0 0.291667 0.524537 0.011458 0.060185
0 0.245573 0.517593 0.009896 0.059259
0 0.584375 0.505556 0.011458 0.050000
0 0.644010 0.509722 0.010937 0.052778
2 0.425260 0.511111 0.032813 0.046296
2 0.381250 0.475463 0.026042 0.047222
2 0.495312 0.485648 0.018750 0.023148
10 0.614323 0.447685 0.020313 0.076852
9 0.682031 0.540741 0.006771 0.174074
9 0.700781 0.520370 0.007812 0.194444
9 0.113021 0.585648 0.006250 0.130556
0 0.737240 0.514352 0.009896 0.054630
9 0.712240 0.512500 0.006771 0.076852
9 0.272396 0.513426 0.005208 0.075000
