0 0.933333 0.573148 0.035417 0.135185
0 0.722396 0.577315 0.027083 0.128704
2 0.272917 0.724074 0.131250 0.242593
0 0.435677 0.505093 0.008854 0.047222
0 0.066927 0.595370 0.014063 0.077778
2 0.313281 0.506944 0.022396 0.030556
2 0.372396 0.497685 0.020833 0.026852
2 0.244010 0.505093 0.030729 0.056481
10 0.483854 0.459259 0.043750 0.151852
9 0.614323 0.601852 0.022396 0.412963
9 0.644792 0.564352 0.010417 0.339815
0 0.202604 0.514815 0.007292 0.035185
0 0.533073 0.524537 0.016146 0.063889
9 0.577344 0.591667 0.011979 0.074074
