10 0.864062 0.499537 0.033333 0.049074
0 0.879948 0.615741 0.032813 0.161111
0 0.936719 0.559259 0.023438 0.092593
0 0.156510 0.571759 0.024479 0.119444
0 0.182292 0.579167 0.026042 0.119444
0 0.288021 0.550926 0.018750 0.101852
2 0.514062 0.592130 0.069792 0.099074
2 0.641406 0.657407 0.108854 0.207407
0 0.728385 0.507407 0.011979 0.057407
0 0.812760 0.504167 0.010937 0.049074
0 0.521875 0.469444 0.006250 0.029630
0 0.383073 0.487963 0.007812 0.038889
0 0.634635 0.476852 0.008854 0.037037
0 0.410156 0.500000 0.009896 0.051852
0 0.657292 0.489352 0.011458 0.043519
0 0.668490 0.492130 0.009896 0.045370
0 0.710938 0.493981 0.012500 0.045370
2 0.539583 0.510648 0.056250 0.050926
2 0.559635 0.460185 0.014063 0.016667
2 0.478125 0.461111 0.022917 0.046296
9 0.748177 0.503704 0.006771 0.174074
9 0.370312 0.517593 0.008333 0.038889
9 0.740104 0.520370 0.007292 0.042593
0 0.231771 0.552778 0.015625 0.075926
9 0.838021 0.518981 0.005208 0.047222
9 0.396094 0.492130 0.005729 0.060185
