10 0.864844 0.512037 0.036979 0.053704
0 0.901563 0.648611 0.041667 0.180556
0 0.939063 0.568981 0.020833 0.097222
0 0.130729 0.602778 0.027083 0.125926
0 0.194531 0.587963 0.018229 0.100000
0 0.243750 0.578241 0.020833 0.113889
2 0.481771 0.614352 0.069792 0.100926
2 0.622917 0.703704 0.117708 0.233333
0 0.804948 0.511574 0.013021 0.047222
0 0.788802 0.512500 0.011979 0.049074
0 0.352344 0.503241 0.008854 0.037963
0 0.612760 0.487037 0.007812 0.040741
0 0.379688 0.514352 0.010417 0.054630
0 0.644010 0.498148 0.009896 0.044444
0 0.685937 0.503241 0.011458 0.047222
2 0.499479 0.520833 0.040625 0.049074
2 0.539062 0.471759 0.015625 0.017593
2 0.453385 0.471296 0.022396 0.048148
2 0.560417 0.478241 0.018750 0.023148
9 0.735156 0.512037 0.006771 0.174074
9 0.335417 0.534259 0.008333 0.038889
9 0.722917 0.531019 0.008333 0.043519
0 0.175521 0.579167 0.015625 0.086111
9 0.824740 0.523611 0.005729 0.058333
9 0.364063 0.504630 0.005208 0.064815
