10 0.853385 0.529630 0.042188 0.066667
0 0.904167 0.571759 0.032292 0.104630
0 0.042708 0.639352 0.030208 0.152778
2 0.382552 0.607407 0.075521 0.101852
2 0.525260 0.757870 0.143229 0.278704
0 0.386719 0.489815 0.007812 0.031481
0 0.242708 0.519444 0.009375 0.053704
0 0.536458 0.490278 0.008333 0.037963
2 0.402604 0.472222 0.015625 0.022222
0 0.278385 0.526389 0.010937 0.062037
0 0.230729 0.521759 0.011458 0.062037
0 0.575260 0.508333 0.013021 0.048148
0 0.633333 0.509722 0.011458 0.054630
2 0.414062 0.509722 0.031250 0.043519
2 0.486719 0.486111 0.019271 0.024074
10 0.603906 0.446759 0.020313 0.076852
10 0.690625 0.457407 0.030208 0.057407
9 0.089583 0.589352 0.008333 0.136111
0 0.742448 0.516204 0.009896 0.063889
9 0.258333 0.516204 0.005208 0.075000
