0 0.861198 0.568056 0.033854 0.121296
0 0.708333 0.567130 0.025000 0.119444
2 0.301823 0.735648 0.130729 0.254630
0 0.437760 0.498611 0.008854 0.045370
0 0.102344 0.572222 0.013021 0.068519
0 0.043229 0.568981 0.013542 0.075000
0 0.513021 0.518056 0.011458 0.060185
2 0.311198 0.503704 0.025521 0.033333
2 0.250781 0.496759 0.030729 0.056481
2 0.393490 0.510648 0.026562 0.037963
10 0.488802 0.455556 0.034896 0.122222
9 0.595833 0.578704 0.016667 0.314815
9 0.620313 0.544444 0.009375 0.288889
0 0.549219 0.515278 0.015104 0.062037
9 0.569010 0.571296 0.010937 0.066667
9 0.609375 0.564815 0.004167 0.081481
