10 0.885938 0.562963 0.068750 0.101852
0 0.731250 0.561111 0.026042 0.109259
2 0.372396 0.747222 0.135417 0.264815
0 0.460156 0.489352 0.009896 0.043519
0 0.157812 0.548148 0.012500 0.062963
0 0.102083 0.543981 0.012500 0.067593
0 0.122396 0.532870 0.014583 0.067593
0 0.542708 0.511574 0.011458 0.058333
2 0.333333 0.499537 0.027083 0.037963
2 0.281510 0.482407 0.028646 0.053704
2 0.412500 0.493056 0.023958 0.036111
10 0.520833 0.447222 0.027083 0.100000
10 0.628385 0.452315 0.035937 0.063889
9 0.585417 0.553241 0.009375 0.063889
