0 0.737760 0.572685 0.025521 0.130556
2 0.280208 0.708796 0.139583 0.239815
0 0.442969 0.501389 0.009896 0.045370
0 0.611198 0.521759 0.013021 0.076852
0 0.061979 0.594444 0.014583 0.081481
2 0.321875 0.498148 0.020833 0.029630
2 0.381250 0.494444 0.021875 0.027778
2 0.249219 0.501389 0.030729 0.058333
2 0.413281 0.526852 0.035937 0.050000
10 0.495052 0.457870 0.047396 0.173148
9 0.643490 0.622685 0.024479 0.460185
9 0.670573 0.587500 0.010937 0.343519
0 0.202083 0.511111 0.008333 0.033333
9 0.594792 0.591667 0.011458 0.077778
