10 0.944792 0.586574 0.078125 0.117593
0 0.851302 0.571759 0.032813 0.119444
0 0.713802 0.563889 0.025521 0.114815
2 0.328906 0.737963 0.131771 0.259259
0 0.240625 0.502315 0.008333 0.034259
0 0.444531 0.495370 0.009896 0.044444
0 0.123438 0.562037 0.012500 0.066667
0 0.066146 0.560185 0.012500 0.070370
0 0.083594 0.550926 0.014063 0.074074
2 0.317708 0.504630 0.026042 0.033333
2 0.260156 0.490278 0.029687 0.052778
2 0.400521 0.504630 0.025000 0.037037
10 0.500260 0.452315 0.031771 0.113889
9 0.599740 0.574537 0.014063 0.275000
9 0.621354 0.536574 0.008333 0.267593
9 0.573438 0.563426 0.009375 0.063889
