10 0.797917 0.476852 0.025000 0.031481
0 0.862760 0.542130 0.020313 0.082407
0 0.973958 0.662963 0.041667 0.162963
0 0.833333 0.520833 0.016667 0.080556
0 0.231771 0.561574 0.018750 0.104630
0 0.255990 0.564352 0.020313 0.104630
0 0.310677 0.538426 0.013021 0.069444
2 0.529167 0.561574 0.054167 0.075000
2 0.625260 0.595370 0.076563 0.142593
0 0.819271 0.490741 0.008333 0.044444
0 0.555208 0.470370 0.006250 0.025926
0 0.638021 0.471296 0.008333 0.037037
2 0.530208 0.468056 0.015625 0.021296
0 0.416146 0.491667 0.009375 0.046296
0 0.435417 0.495833 0.009375 0.049074
2 0.493229 0.462963 0.021875 0.040741
9 0.723698 0.471296 0.006771 0.174074
9 0.401562 0.510648 0.008333 0.034259
9 0.347917 0.522222 0.006250 0.087037
