0 0.597917 0.337963 0.031250 0.135185
0 0.402604 0.339815 0.032292 0.161111
0 0.453125 0.336111 0.029167 0.146296
0 0.633594 0.321296 0.031771 0.112963
0 0.799740 0.406944 0.066146 0.463889
0 0.533073 0.313426 0.019271 0.063889
9 0.117448 0.540741 0.224479 0.251852
0 0.095833 0.325000 0.020833 0.088889
0 0.562500 0.300463 0.012500 0.052778
0 0.548698 0.303241 0.010937 0.052778
6 0.503646 0.343519 0.026042 0.087037
7 0.872135 0.296759 0.030729 0.160185
0 0.323177 0.312963 0.010937 0.046296
0 0.335938 0.308333 0.011458 0.038889
