10 0.361979 0.891204 0.075000 0.113889
10 0.815625 0.150463 0.052083 0.067593
10 0.816927 0.058796 0.013021 0.119444
10 0.812760 0.283333 0.049479 0.074074
10 0.695312 0.034259 0.025000 0.070370
10 0.828385 0.402778 0.027604 0.101852
10 0.980208 0.574074 0.041667 0.072222
10 0.975781 0.789815 0.018229 0.238889
10 0.961979 0.769444 0.021875 0.248148
10 0.347656 0.295370 0.047396 0.083333
10 0.347135 0.152315 0.052604 0.065741
10 0.346094 0.062500 0.015104 0.123148
10 0.347396 0.218519 0.013542 0.077778
10 0.348438 0.374074 0.015625 0.075926
9 0.746094 0.715741 0.020313 0.092593
9 0.775781 0.847222 0.022396 0.094444
10 0.077865 0.101389 0.059896 0.202778
10 0.111458 0.089352 0.016667 0.117593
10 0.122656 0.068981 0.011979 0.060185
9 0.872917 0.873148 0.018750 0.051852
9 0.381771 0.753704 0.015625 0.044444
2 0.691667 0.414352 0.140625 0.236111
9 0.718229 0.607870 0.021875 0.082407
6 0.651563 0.081481 0.031250 0.109259
0 0.208333 0.179167 0.029167 0.160185
0 0.164062 0.195370 0.026042 0.155556
0 0.135937 0.206019 0.028125 0.149074
0 0.504167 0.325463 0.034375 0.187963
0 0.456771 0.332407 0.033333 0.179630
0 0.614844 0.656944 0.045312 0.234259
0 0.977083 0.308796 0.030208 0.176852
0 0.900521 0.265278 0.034375 0.165741
0 0.212760 0.569444 0.032813 0.211111
0 0.172396 0.569907 0.044792 0.187963
0 0.170313 0.381019 0.033333 0.187963
0 0.272396 0.372222 0.035417 0.177778
10 0.050260 0.340278 0.059896 0.108333
