10 0.858854 0.542593 0.055208 0.081481
0 0.761979 0.562500 0.022917 0.110185
2 0.309896 0.593981 0.068750 0.095370
2 0.420833 0.757870 0.143750 0.282407
0 0.480469 0.489352 0.009896 0.043519
0 0.192969 0.543981 0.011979 0.060185
0 0.142187 0.537500 0.012500 0.067593
0 0.511719 0.507870 0.010937 0.054630
0 0.565104 0.510185 0.011458 0.057407
2 0.354948 0.506481 0.027604 0.038889
2 0.304167 0.485648 0.027083 0.054630
2 0.432031 0.492130 0.020313 0.030556
9 0.544271 0.585648 0.007292 0.187963
10 0.543750 0.444444 0.025000 0.090741
10 0.641406 0.451852 0.031771 0.057407
0 0.669010 0.515278 0.015104 0.065741
9 0.638802 0.541204 0.005729 0.078704
9 0.171094 0.531481 0.006771 0.083333
