10 0.807813 0.484722 0.023958 0.034259
0 0.873958 0.546759 0.021875 0.084259
0 0.846354 0.528704 0.017708 0.083333
0 0.226042 0.565278 0.019792 0.104630
0 0.251563 0.568056 0.020833 0.104630
0 0.322917 0.539352 0.015625 0.076852
0 0.307292 0.541204 0.013542 0.076852
2 0.529948 0.567130 0.057813 0.076852
2 0.629948 0.606481 0.079687 0.148148
0 0.554688 0.475463 0.006250 0.026852
2 0.532292 0.470370 0.015625 0.022222
0 0.416406 0.494907 0.008854 0.047222
0 0.434635 0.500000 0.009896 0.050000
2 0.493750 0.464815 0.021875 0.042593
9 0.730469 0.487963 0.006771 0.174074
9 0.401562 0.515278 0.008333 0.034259
9 0.345052 0.525926 0.005729 0.088889
0 0.779427 0.494444 0.009896 0.048148
