10 0.853385 0.541667 0.047396 0.074074
0 0.801823 0.567130 0.027604 0.104630
2 0.348438 0.598148 0.072917 0.094444
2 0.477865 0.756944 0.153646 0.273148
0 0.509635 0.487963 0.010937 0.042593
2 0.366667 0.471296 0.015625 0.022222
0 0.238542 0.531944 0.011458 0.063889
0 0.189844 0.524537 0.013021 0.062037
0 0.550000 0.507870 0.011458 0.050926
0 0.601042 0.509259 0.011458 0.055556
2 0.387500 0.504630 0.030208 0.040741
2 0.339062 0.478241 0.026042 0.054630
2 0.460156 0.487500 0.021354 0.026852
10 0.573698 0.445370 0.022396 0.083333
10 0.669271 0.455093 0.031250 0.056481
9 0.021094 0.604167 0.007812 0.139815
0 0.710677 0.516204 0.015104 0.065741
0 0.617708 0.507870 0.011458 0.049074
9 0.217708 0.519444 0.005208 0.077778
