0 0.488021 0.364815 0.093750 0.483333
0 0.223438 0.383333 0.160417 0.629630
0 0.607292 0.381019 0.065625 0.365741
0 0.694792 0.333796 0.018750 0.110185
0 0.559115 0.335648 0.022396 0.115741
0 0.673177 0.332407 0.015104 0.096296
0 0.656250 0.325926 0.013542 0.081481
0 0.804427 0.333796 0.017188 0.095370
0 0.926823 0.334722 0.024479 0.113889
0 0.894271 0.338426 0.017708 0.086111
0 0.718490 0.327315 0.013021 0.058333
7 0.934635 0.655556 0.022396 0.109259
0 0.962240 0.340278 0.018229 0.106481
7 0.959115 0.639815 0.020313 0.087037
