10 0.841146 0.491667 0.027083 0.040741
0 0.908854 0.550000 0.023958 0.088889
0 0.880469 0.534259 0.020313 0.087037
0 0.203125 0.568981 0.021875 0.108333
0 0.230469 0.572222 0.023438 0.114815
0 0.292187 0.550463 0.015625 0.078704
2 0.531510 0.579630 0.058854 0.085185
2 0.643750 0.626852 0.088542 0.174074
0 0.727604 0.500926 0.011458 0.057407
0 0.547396 0.472685 0.007292 0.028704
2 0.532552 0.467130 0.015104 0.021296
0 0.430729 0.499537 0.009375 0.049074
0 0.665885 0.482870 0.010937 0.047222
0 0.677083 0.487963 0.009375 0.044444
2 0.567708 0.463426 0.015625 0.017593
2 0.493490 0.465278 0.022396 0.047222
9 0.746094 0.499074 0.006771 0.174074
9 0.785417 0.496296 0.007292 0.068519
9 0.394792 0.516204 0.008333 0.034259
9 0.332031 0.530556 0.006771 0.092593
9 0.416927 0.493056 0.005729 0.062037
