10 0.786979 0.487963 0.023958 0.033333
0 0.854948 0.543056 0.017188 0.080556
0 0.947396 0.650000 0.037500 0.157407
0 0.821354 0.524537 0.015625 0.076852
0 0.237500 0.568056 0.018750 0.100926
0 0.261719 0.570370 0.018229 0.105556
0 0.327865 0.547222 0.014063 0.072222
0 0.313542 0.546759 0.012500 0.069444
2 0.528125 0.567130 0.053125 0.075000
2 0.621094 0.593056 0.072396 0.137963
0 0.558333 0.481481 0.007292 0.025926
0 0.636198 0.480093 0.007812 0.034259
2 0.529687 0.476389 0.017708 0.021296
0 0.416146 0.500926 0.008333 0.044444
0 0.435156 0.505556 0.008854 0.046296
0 0.835156 0.498611 0.010937 0.045370
2 0.492448 0.470833 0.022396 0.043519
9 0.717969 0.462037 0.006771 0.174074
9 0.403646 0.520833 0.008333 0.034259
9 0.351562 0.530556 0.006250 0.083333
