10 0.751042 0.474537 0.020833 0.028704
0 0.807552 0.532870 0.022396 0.075000
0 0.857031 0.606481 0.028646 0.129630
0 0.908594 0.607407 0.031771 0.131481
0 0.783854 0.518056 0.014583 0.075000
0 0.036719 0.624074 0.028646 0.159259
9 0.079948 0.636574 0.009896 0.275000
0 0.259375 0.551389 0.017708 0.086111
0 0.280469 0.556481 0.017188 0.087037
2 0.523438 0.546759 0.046875 0.065741
2 0.603385 0.569907 0.064062 0.106481
0 0.628906 0.474537 0.007812 0.034259
0 0.677344 0.481019 0.007812 0.039815
0 0.417969 0.488889 0.009896 0.040741
0 0.436979 0.496296 0.008333 0.040741
2 0.547917 0.461111 0.014583 0.014815
9 0.407552 0.507407 0.008854 0.029630
9 0.349219 0.516204 0.005729 0.084259
9 0.362240 0.514352 0.005729 0.080556
