10 0.856771 0.525926 0.040625 0.059259
0 0.950781 0.722222 0.056771 0.244444
0 0.069531 0.622222 0.025521 0.124074
0 0.040365 0.624074 0.026562 0.118519
0 0.104688 0.615278 0.026042 0.143519
2 0.408333 0.611111 0.075000 0.100000
2 0.554688 0.750926 0.139583 0.283333
0 0.739323 0.518519 0.016146 0.051852
0 0.677604 0.527315 0.015625 0.071296
0 0.412760 0.486111 0.007812 0.029630
0 0.272135 0.511574 0.008854 0.043519
0 0.557813 0.488426 0.008333 0.039815
0 0.762500 0.510185 0.009375 0.062963
2 0.428646 0.471759 0.015625 0.021296
0 0.304948 0.522685 0.010937 0.060185
0 0.260417 0.516204 0.010417 0.058333
0 0.593229 0.503704 0.011458 0.048148
0 0.654687 0.509722 0.010417 0.050926
2 0.435937 0.510648 0.033333 0.047222
2 0.391667 0.474537 0.026042 0.047222
2 0.505208 0.484722 0.018750 0.023148
10 0.624740 0.447685 0.020313 0.076852
9 0.690885 0.536111 0.006771 0.174074
9 0.709115 0.518519 0.007812 0.190741
9 0.134635 0.578704 0.005729 0.122222
9 0.721615 0.511574 0.006771 0.076852
9 0.286458 0.511111 0.005208 0.074074
