0 0.592708 0.322222 0.028125 0.131481
0 0.402344 0.331481 0.031771 0.159259
0 0.445312 0.331944 0.025000 0.145370
0 0.625000 0.314815 0.031250 0.111111
0 0.790365 0.393519 0.080729 0.444444
0 0.368229 0.321296 0.020833 0.103704
0 0.523438 0.300463 0.015625 0.063889
9 0.123698 0.523611 0.221354 0.237963
0 0.096094 0.320370 0.020313 0.085185
0 0.544792 0.301852 0.010417 0.051852
6 0.497917 0.334259 0.025000 0.083333
7 0.869271 0.298611 0.030208 0.156481
0 0.319010 0.301852 0.010937 0.046296
0 0.339062 0.300926 0.011458 0.042593
