0 0.880729 0.578704 0.038542 0.127778
0 0.707552 0.572222 0.025521 0.122222
2 0.284375 0.729630 0.130208 0.250000
0 0.433333 0.505093 0.007292 0.041667
0 0.083594 0.582870 0.013021 0.071296
0 0.022396 0.576389 0.014583 0.080556
2 0.307812 0.507870 0.022917 0.028704
2 0.368229 0.494907 0.017708 0.023148
2 0.244531 0.503241 0.030729 0.056481
2 0.392448 0.520833 0.028646 0.041667
10 0.484375 0.460185 0.038542 0.131481
9 0.596875 0.586111 0.018750 0.353704
9 0.624740 0.549537 0.009896 0.308333
0 0.537500 0.520370 0.013542 0.064815
0 0.554167 0.519907 0.012500 0.063889
9 0.566927 0.581481 0.010937 0.066667
