10 0.829948 0.490741 0.025521 0.038889
0 0.897917 0.550463 0.022917 0.087963
0 0.870052 0.534722 0.019271 0.084259
0 0.213021 0.571296 0.020833 0.105556
0 0.237500 0.574537 0.023958 0.110185
0 0.298438 0.552778 0.015625 0.079630
2 0.533073 0.577778 0.061979 0.083333
2 0.640885 0.621296 0.083854 0.168519
0 0.723698 0.502778 0.010937 0.055556
0 0.551302 0.478704 0.006771 0.027778
2 0.533594 0.473611 0.016146 0.021296
0 0.433073 0.502778 0.009896 0.050000
2 0.568750 0.468519 0.015625 0.020370
2 0.494010 0.470370 0.022396 0.046296
9 0.741927 0.498148 0.006771 0.174074
9 0.783073 0.500000 0.007812 0.066667
9 0.397396 0.520833 0.008333 0.034259
9 0.338281 0.532407 0.006771 0.092593
9 0.418750 0.496296 0.005208 0.061111
