10 0.861198 0.523148 0.038021 0.055556
0 0.923177 0.685648 0.046354 0.206481
0 0.071354 0.611111 0.036458 0.135185
0 0.150000 0.597685 0.023958 0.113889
0 0.125521 0.601852 0.018750 0.107407
0 0.181771 0.592130 0.022917 0.123148
2 0.449219 0.612037 0.073438 0.103704
2 0.596354 0.732407 0.129167 0.257407
0 0.776302 0.520370 0.013021 0.050000
0 0.760938 0.516204 0.010417 0.052778
0 0.585938 0.488889 0.009375 0.040741
0 0.344792 0.516667 0.010417 0.057407
0 0.620833 0.505093 0.011458 0.045370
2 0.468750 0.514815 0.036458 0.046296
2 0.517188 0.473611 0.015625 0.017593
2 0.425260 0.472685 0.023438 0.047222
2 0.534896 0.481019 0.018750 0.023148
10 0.653385 0.450463 0.020313 0.076852
9 0.714323 0.523148 0.006771 0.174074
9 0.296094 0.537500 0.007812 0.043519
9 0.199479 0.563889 0.006250 0.112963
9 0.701562 0.540278 0.008333 0.041667
0 0.107031 0.594907 0.016146 0.095370
9 0.806510 0.528241 0.005729 0.058333
9 0.327865 0.507407 0.005729 0.070370
