10 0.863021 0.519907 0.037500 0.056481
0 0.916406 0.672685 0.043229 0.197222
0 0.059375 0.604630 0.028125 0.135185
0 0.093750 0.613426 0.033333 0.132407
0 0.175000 0.592130 0.022917 0.110185
0 0.151562 0.598148 0.020833 0.103704
0 0.204427 0.592593 0.022396 0.120370
2 0.460938 0.615278 0.075000 0.104630
2 0.605469 0.721759 0.129688 0.245370
0 0.785677 0.518981 0.013021 0.049074
0 0.770573 0.518981 0.010937 0.054630
0 0.594531 0.490741 0.008854 0.038889
0 0.356771 0.517130 0.010417 0.056481
0 0.629167 0.501389 0.010417 0.045370
2 0.477865 0.518981 0.035937 0.047222
2 0.523438 0.475000 0.015625 0.016667
2 0.435156 0.474537 0.024479 0.047222
2 0.543229 0.481019 0.018750 0.023148
10 0.660677 0.450463 0.020313 0.076852
9 0.721615 0.519444 0.006771 0.174074
9 0.309635 0.540278 0.007812 0.043519
9 0.709896 0.537963 0.008333 0.042593
0 0.131250 0.588889 0.015625 0.092593
9 0.811719 0.531944 0.005729 0.058333
9 0.341146 0.507870 0.005208 0.071296
