10 0.851562 0.531944 0.042708 0.071296
0 0.897656 0.571296 0.031771 0.105556
2 0.370573 0.602315 0.074479 0.102778
2 0.510677 0.757407 0.145313 0.275926
0 0.229167 0.517593 0.009375 0.053704
0 0.527344 0.488426 0.008854 0.041667
0 0.265104 0.528241 0.011458 0.062037
0 0.217708 0.522222 0.011458 0.062963
0 0.566927 0.505556 0.013021 0.048148
0 0.622396 0.509722 0.011458 0.054630
2 0.404948 0.505093 0.030729 0.045370
2 0.359896 0.476389 0.026042 0.052778
2 0.477604 0.486574 0.019792 0.025000
10 0.593490 0.446296 0.020313 0.077778
10 0.682813 0.455556 0.030208 0.057407
9 0.068750 0.593981 0.008333 0.136111
0 0.732812 0.516204 0.010417 0.063889
9 0.244792 0.518519 0.005208 0.075926
