10 0.864583 0.507407 0.036458 0.051852
0 0.893750 0.636111 0.039583 0.174074
0 0.937240 0.564352 0.025521 0.095370
0 0.120833 0.588889 0.026042 0.124074
0 0.150000 0.590278 0.023958 0.123148
0 0.230469 0.572685 0.020313 0.102778
0 0.259115 0.565741 0.020313 0.109259
2 0.495573 0.602315 0.069271 0.097222
2 0.630208 0.687963 0.113542 0.224074
0 0.797396 0.506944 0.011458 0.049074
0 0.362760 0.495833 0.008854 0.037963
0 0.619271 0.481019 0.009375 0.039815
0 0.390625 0.506944 0.010417 0.052778
0 0.652344 0.492593 0.009896 0.044444
0 0.695052 0.499537 0.010937 0.047222
2 0.512240 0.514815 0.043229 0.050000
2 0.546094 0.467130 0.013021 0.017593
2 0.462760 0.467593 0.022396 0.048148
2 0.568490 0.474074 0.019271 0.024074
9 0.740365 0.509259 0.006771 0.174074
9 0.347917 0.525926 0.008333 0.038889
9 0.729167 0.528241 0.008333 0.047222
0 0.838802 0.503241 0.011979 0.056481
9 0.375260 0.500463 0.005729 0.060185
