0 0.670833 0.529630 0.050000 0.301852
0 0.611458 0.497222 0.038542 0.162963
0 0.173177 0.531944 0.060937 0.254630
0 0.498958 0.468519 0.023958 0.112963
0 0.073958 0.510185 0.044792 0.185185
0 0.118750 0.512963 0.033333 0.168519
0 0.473438 0.470370 0.020833 0.100000
0 0.452604 0.456019 0.015625 0.080556
9 0.384635 0.583796 0.073438 0.312037
0 0.283594 0.464352 0.010937 0.058333
0 0.308073 0.460648 0.011979 0.069444
0 0.258073 0.459259 0.010937 0.059259
0 0.245312 0.457870 0.010417 0.050926
6 0.709635 0.480093 0.021354 0.099074
