10 0.817969 0.490741 0.023438 0.037037
0 0.889323 0.552778 0.017188 0.087037
0 0.858333 0.536574 0.017708 0.084259
0 0.220573 0.569907 0.020313 0.104630
0 0.243750 0.574074 0.020833 0.105556
0 0.304167 0.548611 0.014583 0.078704
2 0.531250 0.576389 0.058333 0.082407
2 0.635156 0.616667 0.080729 0.153704
0 0.720052 0.503704 0.009896 0.053704
0 0.552865 0.477315 0.006771 0.026852
2 0.533073 0.475926 0.015104 0.022222
0 0.434635 0.504630 0.009896 0.050000
2 0.565104 0.464815 0.015625 0.018519
2 0.494271 0.469444 0.022917 0.046296
9 0.736719 0.498148 0.006771 0.174074
9 0.777344 0.495370 0.007812 0.066667
9 0.400000 0.519907 0.008333 0.034259
9 0.342187 0.531019 0.005208 0.093519
9 0.419531 0.495370 0.004687 0.059259
