10 0.864844 0.516667 0.036979 0.055556
0 0.909375 0.660185 0.041667 0.188889
0 0.111979 0.608796 0.030208 0.128704
0 0.194531 0.589352 0.022396 0.106481
0 0.173177 0.595370 0.019271 0.101852
0 0.224479 0.586111 0.021875 0.116667
2 0.471615 0.615278 0.072396 0.102778
2 0.613542 0.712500 0.123958 0.241667
0 0.794531 0.516667 0.011979 0.050000
0 0.779687 0.514352 0.011458 0.050926
0 0.340365 0.506019 0.008854 0.043519
0 0.603646 0.489352 0.007292 0.041667
0 0.368750 0.517593 0.010417 0.055556
0 0.637240 0.501852 0.009896 0.044444
2 0.487500 0.522222 0.036458 0.048148
2 0.530990 0.474074 0.016146 0.018519
2 0.443750 0.475463 0.022917 0.047222
2 0.552083 0.481019 0.018750 0.023148
10 0.668490 0.450463 0.020313 0.076852
9 0.728906 0.514815 0.006771 0.174074
9 0.323177 0.540278 0.007812 0.043519
9 0.715625 0.536574 0.008333 0.043519
0 0.153385 0.583796 0.016146 0.089815
9 0.817448 0.528241 0.005729 0.058333
9 0.352604 0.509259 0.005208 0.064815
