0 0.477344 0.375463 0.088021 0.484259
0 0.190365 0.405556 0.168229 0.707407
0 0.600521 0.387500 0.067708 0.371296
0 0.689583 0.342130 0.018750 0.110185
0 0.552344 0.340741 0.025521 0.114815
0 0.662760 0.341667 0.015104 0.096296
0 0.642969 0.341204 0.015104 0.086111
0 0.796094 0.338426 0.017188 0.095370
0 0.924740 0.348148 0.026562 0.112963
0 0.885938 0.348611 0.017708 0.086111
0 0.709896 0.335185 0.011458 0.055556
7 0.932292 0.668519 0.021875 0.111111
0 0.958073 0.343981 0.018229 0.106481
7 0.955469 0.650926 0.020313 0.087037
