10 0.968229 0.597685 0.076042 0.121296
0 0.855208 0.568519 0.032292 0.120370
0 0.710677 0.562037 0.024479 0.118519
2 0.315104 0.736574 0.131250 0.256481
0 0.231771 0.503704 0.007292 0.035185
0 0.440365 0.497685 0.008854 0.045370
0 0.113021 0.567130 0.012500 0.067593
0 0.054427 0.564352 0.013021 0.073148
0 0.070573 0.556481 0.014063 0.075926
2 0.314063 0.504630 0.025000 0.033333
2 0.254688 0.492593 0.030208 0.055556
2 0.396094 0.506019 0.024479 0.036111
10 0.494531 0.453704 0.033854 0.118519
9 0.597917 0.576852 0.015625 0.294444
9 0.620573 0.540741 0.008854 0.277778
0 0.555469 0.512500 0.015104 0.060185
9 0.569271 0.567130 0.009375 0.063889
